0 0.006771 0.564570 0.013542 0.052980
0 0.043490 0.549255 0.070312 0.062086
0 0.232031 0.527318 0.076563 0.094371
2 0.005469 0.376656 0.010937 0.034768
0 0.429688 0.987583 0.700000 0.023179
2 0.475521 0.526076 0.000000 0.000828
2 0.540625 0.520281 0.000000 0.000828
2 0.540625 0.524834 0.000000 0.000000
2 0.543229 0.516556 0.002083 0.001656
2 0.767969 0.444950 0.019271 0.033940
2 0.703646 0.517798 0.001042 0.002483
2 0.431771 0.524834 0.000000 0.000000
2 0.504948 0.522765 0.000521 0.000828
2 0.501563 0.525248 0.000000 0.000828
2 0.814583 0.512417 0.003125 0.004967
2 0.570573 0.503725 0.007812 0.012417