0 0.505469 0.548841 0.036979 0.043046
0 0.505729 0.546358 0.005208 0.003311
0 0.034635 0.520695 0.069271 0.175497
2 0.643229 0.498344 0.010417 0.016556
0 0.429688 0.987583 0.700000 0.023179
2 0.475000 0.526490 0.000000 0.000000
2 0.541146 0.519868 0.000000 0.001656
2 0.541146 0.524834 0.000000 0.000000
2 0.544010 0.516556 0.001563 0.003311
2 0.828125 0.425911 0.022917 0.042219
2 0.707812 0.517384 0.001042 0.003311
2 0.431250 0.524834 0.000000 0.000000
2 0.504948 0.522765 0.000521 0.000828
2 0.209896 0.505795 0.000000 0.011589
2 0.501563 0.525248 0.000000 0.000828
2 0.520833 0.525662 0.000000 0.000000
2 0.823438 0.511589 0.003125 0.004967
2 0.573958 0.502483 0.008333 0.013245