0 0.120833 0.557119 0.068750 0.046358
0 0.100521 0.569536 0.006250 0.004967
0 0.587500 0.550497 0.051042 0.066225
0 0.232813 0.542219 0.111458 0.099338
2 0.675000 0.488825 0.018750 0.025662
0 0.429688 0.987583 0.700000 0.023179
2 0.474479 0.525248 0.000000 0.002483
2 0.541927 0.519868 0.000521 0.001656
2 0.541927 0.524834 0.000521 0.000000
2 0.994271 0.515728 0.001042 0.001656
2 0.545052 0.516556 0.001563 0.003311
2 0.922135 0.396109 0.027604 0.053808
2 0.430729 0.524834 0.000000 0.000000
2 0.504948 0.522765 0.000521 0.000828
2 0.751823 0.513245 0.001563 0.004967
2 0.196094 0.504967 0.000521 0.011589
2 0.501563 0.525248 0.000000 0.000828
2 0.520833 0.525662 0.000000 0.000000
2 0.833073 0.511589 0.002604 0.004967
2 0.577344 0.501242 0.008854 0.014073